51 51 => This mean's 51x51 matrix, you must type your matrix size
51 26 => This is outlet of flow(matrix), you must type your matrix's outlet
0 0 0 0 0 0 0 0 0 0 0 0 0 0 0 0 0 0 0 0 0 0 0 0 0 2 0 0 0 0 0 0 0 0 0 0 0 0 0 0 0 0 0 0 0 0 0 0 0 0 0 =>please type your matrix
0 0 0 0 0 0 0 0 0 0 0 0 0 0 0 0 0 0 2 3 3 3 3 3 2 1 2 2 3 1 2 2 3 0 0 0 0 0 0 0 0 0 0 0 0 0 0 0 0 0 0
0 0 0 0 0 0 0 0 0 0 0 0 0 0 0 0 2 3 3 3 4 4 2 4 2 3 3 3 4 2 3 3 4 3 3 0 0 0 0 0 0 0 0 0 0 0 0 0 0 0 0
0 0 0 0 0 0 0 0 0 0 0 0 0 0 2 1 1 2 2 4 3 4 3 4 3 3 4 3 2 3 3 3 3 3 4 3 2 0 0 0 0 0 0 0 0 0 0 0 0 0 0
0 0 0 0 0 0 0 0 0 0 0 0 2 3 3 2 4 2 2 4 3 4 1 1 4 1 4 4 3 4 1 1 1 4 1 4 3 1 2 0 0 0 0 0 0 0 0 0 0 0 0
0 0 0 0 0 0 0 0 0 0 1 2 3 3 3 3 3 3 2 4 1 4 1 1 2 4 3 3 4 3 2 4 3 1 1 2 1 4 2 2 2 0 0 0 0 0 0 0 0 0 0
0 0 0 0 0 0 0 0 0 2 4 2 3 1 2 4 4 4 1 4 3 2 2 1 1 4 2 2 1 4 3 2 3 2 3 3 3 4 2 3 3 3 0 0 0 0 0 0 0 0 0
0 0 0 0 0 0 0 0 1 1 2 2 4 3 1 4 4 1 2 4 2 2 1 4 3 2 2 2 3 2 2 1 2 3 2 3 4 3 3 4 3 2 2 0 0 0 0 0 0 0 0
0 0 0 0 0 0 0 1 4 2 3 3 3 3 4 3 3 4 2 3 1 2 4 4 2 3 3 2 2 2 3 2 3 4 3 4 3 2 4 3 2 3 3 2 0 0 0 0 0 0 0
0 0 0 0 0 0 2 3 1 2 2 3 3 4 3 1 4 2 3 1 2 3 4 2 1 2 3 3 3 3 3 2 1 4 3 3 3 2 3 3 2 4 4 1 2 0 0 0 0 0 0
0 0 0 0 0 1 2 4 3 3 3 3 4 1 1 2 4 2 1 1 2 1 2 3 1 1 2 4 1 2 2 2 1 4 3 2 4 2 3 2 3 3 3 3 1 2 0 0 0 0 0
0 0 0 0 0 4 2 2 4 1 4 3 3 4 2 2 1 2 1 1 2 3 2 3 4 4 2 3 3 3 3 3 4 3 3 3 4 2 1 2 1 4 3 4 4 2 0 0 0 0 0
0 0 0 0 1 4 2 1 1 4 3 3 1 1 1 1 2 3 4 4 2 1 2 3 3 3 3 4 2 2 1 4 4 4 4 4 2 3 4 2 4 4 1 2 1 1 2 0 0 0 0
0 0 0 0 2 1 2 2 4 1 1 4 3 4 4 4 1 1 2 2 3 3 3 1 1 4 3 2 3 1 4 4 2 4 2 4 1 2 2 2 1 1 1 2 3 1 2 0 0 0 0
0 0 0 2 3 2 1 1 2 1 4 2 3 2 3 3 4 2 2 2 4 2 4 3 4 4 4 2 2 1 1 4 3 1 2 2 3 1 2 1 1 1 2 3 2 2 2 3 0 0 0
0 0 0 2 4 1 1 4 1 1 2 1 2 3 1 1 2 3 3 3 4 1 4 3 2 3 3 1 1 1 4 3 4 3 3 3 2 4 1 2 4 2 3 3 3 3 3 4 0 0 0
0 0 1 1 1 4 4 4 2 1 1 4 1 2 2 3 3 2 4 3 1 1 4 3 3 2 4 4 3 1 4 3 4 1 1 4 2 4 2 3 3 3 4 2 3 4 4 2 2 0 0
0 0 4 3 2 2 4 3 1 1 4 1 2 1 1 2 2 3 4 4 3 3 3 3 4 1 4 3 1 4 1 4 3 2 1 1 2 1 2 4 4 1 2 2 2 4 3 3 3 0 0
0 2 2 3 1 2 4 4 3 4 4 3 2 1 2 2 3 4 4 3 3 3 3 3 3 1 4 3 4 3 3 3 4 2 3 4 2 4 2 4 4 1 1 1 1 4 4 4 4 3 0
0 2 3 2 3 2 4 2 1 4 2 2 2 3 1 2 3 2 2 2 4 1 1 2 2 4 4 3 3 2 2 3 4 3 4 4 1 4 2 1 4 3 3 3 4 3 3 1 4 4 0
0 1 2 2 4 3 4 3 4 4 2 2 3 1 4 1 2 2 3 3 1 1 2 1 1 4 1 4 2 1 1 1 2 2 1 1 1 1 2 2 4 2 4 3 2 3 4 4 3 4 0
0 1 2 3 3 2 4 3 4 2 2 3 2 1 4 4 1 1 2 4 2 1 1 4 4 2 2 3 3 4 4 3 1 1 1 2 2 3 2 3 2 3 2 2 3 2 1 2 4 2 0
0 1 1 1 1 2 4 3 2 3 2 2 3 4 2 1 1 4 2 3 3 2 1 4 4 1 2 1 2 3 4 3 1 1 4 2 3 2 2 1 2 4 3 3 2 3 3 3 2 2 0
0 4 4 3 4 1 1 1 2 3 1 1 1 2 3 1 2 2 2 3 4 3 2 1 2 3 3 1 2 4 4 2 4 3 3 1 2 3 2 1 2 3 3 4 3 4 3 1 2 3 0
0 4 1 2 2 2 4 3 2 3 4 4 2 2 4 3 3 1 1 1 2 3 3 4 2 4 4 3 2 4 4 3 1 2 2 2 3 4 1 1 2 4 1 2 4 4 3 3 3 3 0
1 1 2 1 2 3 2 2 1 1 4 1 2 2 3 1 4 3 4 4 2 4 4 3 2 3 1 4 2 3 1 1 4 1 1 1 2 3 4 1 2 1 1 2 4 3 2 4 2 4 3
0 1 2 2 3 2 3 1 1 1 4 1 1 2 1 2 3 2 3 1 2 3 4 4 2 3 2 1 1 1 2 1 4 4 2 3 3 4 2 4 1 1 2 2 2 1 2 4 3 2 0
0 2 1 1 1 2 2 4 1 1 1 4 3 2 4 1 1 2 3 3 2 4 1 4 3 4 2 2 3 1 2 3 1 1 2 1 4 2 3 1 2 2 3 3 3 1 1 4 3 2 0
0 1 1 4 4 2 3 3 2 4 4 3 3 1 1 2 3 2 4 4 1 1 1 2 2 3 2 1 2 3 3 3 3 1 2 1 4 3 3 3 1 2 4 2 4 3 3 3 4 2 0
0 4 3 3 3 1 1 1 2 3 3 4 3 4 3 2 3 3 2 4 2 1 2 3 2 1 1 2 3 1 1 1 4 3 2 4 3 2 1 4 3 3 4 3 4 1 4 1 4 2 0
0 4 3 3 3 1 4 4 1 2 3 2 3 2 2 2 1 1 2 1 2 2 1 1 2 1 2 2 1 2 1 1 4 4 2 3 3 1 2 4 2 4 1 1 2 2 2 4 3 3 0
0 2 4 4 2 4 3 2 1 1 1 1 2 1 2 1 4 1 2 3 3 2 3 1 1 1 1 1 2 3 1 1 2 4 2 3 2 1 1 4 2 3 4 2 3 3 1 1 4 2 0
0 1 4 4 1 4 3 3 4 3 4 4 1 4 2 3 4 2 1 2 4 3 2 3 2 2 3 3 3 4 3 2 3 3 2 3 3 4 4 3 3 4 3 3 4 3 3 4 4 3 0
0 0 4 3 4 4 4 1 4 1 1 1 4 4 2 1 4 3 3 2 4 3 1 2 3 3 1 4 3 1 4 3 3 3 3 3 4 2 4 3 4 1 4 1 4 1 4 3 3 0 0
0 0 4 3 3 2 1 4 1 2 4 1 1 1 2 2 3 3 4 1 2 1 1 2 3 1 2 4 1 1 1 4 3 1 4 1 4 2 3 3 3 3 1 4 2 3 2 4 3 0 0
0 0 0 2 2 3 2 3 2 3 3 3 4 3 1 2 2 3 4 1 2 3 3 3 2 1 2 3 3 4 4 4 4 3 3 3 2 1 2 3 1 4 3 4 3 2 3 2 0 0 0
0 0 0 1 2 1 1 2 3 1 1 4 1 2 3 2 2 3 2 1 2 4 4 3 2 4 2 4 2 1 1 2 4 3 3 3 3 4 1 1 1 2 3 3 4 3 4 3 0 0 0
0 0 0 0 2 2 1 2 3 4 4 4 3 2 1 2 3 1 2 3 3 3 4 3 1 2 3 4 2 4 1 1 4 2 4 2 2 2 3 4 4 1 2 4 3 3 4 0 0 0 0
0 0 0 0 1 1 4 1 1 2 2 4 2 1 2 3 3 3 3 2 4 1 4 3 1 1 2 1 1 1 1 1 1 1 1 2 3 3 3 3 2 3 2 3 2 4 3 0 0 0 0
0 0 0 0 0 1 4 4 1 1 2 3 1 4 2 3 4 4 2 3 2 2 3 4 2 2 3 3 4 4 2 3 4 3 4 1 2 4 4 4 1 2 3 1 2 2 0 0 0 0 0
0 0 0 0 0 1 2 1 4 3 2 1 4 3 2 4 2 3 1 2 1 2 2 3 1 2 2 4 2 2 3 2 1 1 1 2 1 2 2 3 2 3 3 3 3 3 0 0 0 0 0
0 0 0 0 0 0 1 1 2 1 1 4 4 1 2 1 1 1 2 3 2 1 2 2 4 1 2 2 2 3 4 3 3 3 3 3 4 1 2 4 3 3 4 2 3 0 0 0 0 0 0
0 0 0 0 0 0 0 1 2 2 4 1 2 3 1 4 1 1 2 3 3 2 3 2 3 3 3 3 3 4 2 2 4 3 4 3 1 2 3 4 2 1 4 3 0 0 0 0 0 0 0
0 0 0 0 0 0 0 0 1 1 1 2 2 2 4 4 2 4 2 3 3 3 3 3 3 2 4 1 4 3 2 1 2 4 4 1 1 2 2 3 3 1 4 0 0 0 0 0 0 0 0
0 0 0 0 0 0 0 0 0 1 1 1 2 3 2 2 3 4 1 1 2 4 4 3 2 1 4 2 2 4 3 3 3 2 3 3 4 2 2 4 4 3 0 0 0 0 0 0 0 0 0
0 0 0 0 0 0 0 0 0 0 4 3 1 1 1 2 3 4 2 4 1 2 3 2 3 3 4 3 1 4 3 3 2 2 3 1 2 3 2 1 4 0 0 0 0 0 0 0 0 0 0
0 0 0 0 0 0 0 0 0 0 0 0 1 4 1 2 2 4 3 3 3 2 1 2 1 4 3 1 4 4 3 3 3 3 3 3 3 4 3 0 0 0 0 0 0 0 0 0 0 0 0
0 0 0 0 0 0 0 0 0 0 0 0 0 0 4 1 1 4 3 3 1 1 1 2 2 3 2 3 1 4 3 3 1 1 1 1 4 0 0 0 0 0 0 0 0 0 0 0 0 0 0
0 0 0 0 0 0 0 0 0 0 0 0 0 0 0 0 4 4 3 1 4 4 4 1 1 2 3 3 3 3 4 3 2 1 4 0 0 0 0 0 0 0 0 0 0 0 0 0 0 0 0
0 0 0 0 0 0 0 0 0 0 0 0 0 0 0 0 0 0 4 3 1 4 3 4 1 2 3 3 1 4 3 4 3 0 0 0 0 0 0 0 0 0 0 0 0 0 0 0 0 0 0
0 0 0 0 0 0 0 0 0 0 0 0 0 0 0 0 0 0 0 0 0 0 0 0 0 2 0 0 0 0 0 0 0 0 0 0 0 0 0 0 0 0 0 0 0 0 0 0 0 0 0
